1 2.6152125832678 2.0758586213627
2 1.9776675369787 1.8128369894001
3 1.8057422045475 1.7059700559842
4 1.7149381547142 1.6325350058795
5 1.6646415665047 1.5972737645125
6 1.6176495313762 1.6127915711057
7 1.5975822147768 1.5542147737495
8 1.5742331616524 1.6014122034091
9 1.5524301322377 1.5103089407166
10 1.5316685331999 1.5091561102996
11 1.5136317596442 1.4804411281338
12 1.5007577400359 1.4753611377514
13 1.4946313336012 1.4722772019497
14 1.4847547979844 1.4570153135605
15 1.4759648877164 1.4557804531463
16 1.4687698893697 1.4513428293506
17 1.4588048786701 1.4478935332033
18 1.4430575790882 1.4578024052963
19 1.4483983398614 1.4367234661488
20 1.4290964409234 1.4360330599974
