1 2.451565574489 2.0511849335926
2 1.9090740706945 1.7616181344624
3 1.7655577908446 1.7040906392816
4 1.6989919161575 1.6164592150126
5 1.6479615147778 1.5908123160802
6 1.6175193482575 1.5929229274413
7 1.5848921027738 1.5295387122417
8 1.5670599629464 1.5169302355821
9 1.5433332313265 1.5053855694357
10 1.5378394868944 1.5349110562654
11 1.5188861217628 1.4805227416527
12 1.494764114352 1.4727303233334
13 1.4901753767694 1.4646404676966
14 1.4742782427863 1.4576741009521
15 1.4712995023012 1.4498461689244
16 1.464625325139 1.4531476620911
17 1.4480913105045 1.4403315299484
18 1.4483540575994 1.4398819799926
19 1.4371027181854 1.4358604585146
20 1.4316922415067 1.4280538025458
