1 2.5183941539883 2.0188449217217
2 1.9408990590577 1.7857570357226
3 1.7850295848044 1.6850577636955
4 1.7116113558384 1.6339964564719
5 1.6571300798036 1.5894374913813
6 1.6171893384291 1.5646032587773
7 1.5955499577724 1.5536566374146
8 1.5654183531925 1.5458304220056
9 1.5469289365879 1.5074979804606
10 1.5260075165517 1.4935785178932
11 1.5140048662863 1.4859280391466
12 1.5096584432047 1.4983557365704
13 1.4879170771511 1.4669037566973
14 1.4903815762638 1.4616286011682
15 1.4733071550779 1.4555370739947
16 1.4701205846146 1.4566055010484
17 1.4583331331179 1.4501770014329
18 1.4510903469213 1.4403388243285
19 1.4460869797282 1.4406926882492
20 1.4398185965499 1.4396567417478
