1 2.6504633236932 2.1238414040013
2 2.0187097221218 1.8487446924393
3 1.8240214255189 1.7228139312136
4 1.7500056069884 1.6596816234302
5 1.6771286502483 1.6136282962952
6 1.6392072408491 1.577212889085
7 1.6058937595354 1.5508303312108
8 1.5806701675265 1.5361521049573
9 1.5622384926086 1.5151631681294
10 1.541512027731 1.5008084541423
11 1.5232584132726 1.4942607738539
12 1.5046452312439 1.4894984283169
13 1.4998569345137 1.4743112705128
14 1.4873290898149 1.4668090514672
15 1.4696475635888 1.4583679218374
16 1.4678276472438 1.4575971215822
17 1.4582018964366 1.4497594857653
18 1.4526877652634 1.4466422669356
19 1.4439490369947 1.4436448796751
20 1.4355538723445 1.4398860458775
