1 2.6672929107294 2.1543960438043
2 2.0181281675101 1.8294239378997
3 1.8148562754735 1.706196164516
4 1.7241226276329 1.6399306973402
5 1.6626842662824 1.5923108079592
6 1.6188528990552 1.5625688112658
7 1.5897740777798 1.5468956205159
8 1.5685803048391 1.5235182657717
9 1.551242926085 1.5091979171935
10 1.5302696407016 1.4924992395218
11 1.5098317815894 1.4802594700201
12 1.4961161599639 1.4699875491251
13 1.4845777594218 1.462954203784
14 1.4798947463847 1.4581349218636
15 1.4737704018301 1.4633416745837
16 1.467004934339 1.4500878272582
17 1.4473178787673 1.4448715714572
18 1.4532985764072 1.4479656899067
19 1.4430626715728 1.4433515345039
20 1.4340061040786 1.4354107302363
