1 2.3343386030343 1.8906724897778
2 1.8410211239904 1.721218861432
3 1.7242546730475 1.6470546866799
4 1.6608116602855 1.6021558294761
5 1.6179243670963 1.5709282806432
6 1.5859712549467 1.5473193570213
7 1.5604944024786 1.5301261808565
8 1.5393469743554 1.5181808652097
9 1.5212979934588 1.5078946241088
10 1.5054488769836 1.4994183740371
11 1.4913447359721 1.4928497260389
12 1.4786404724209 1.4874258671536
13 1.4674220408892 1.483370487665
14 1.4571047200994 1.4785880538536
15 1.4479752799429 1.475655142279
16 1.4392752892653 1.4745858606469
17 1.4310615894011 1.4728584794438
18 1.4228480075866 1.4703716823297
19 1.4151826528031 1.4699212331409
20 1.4081245825424 1.4687004733422
