1 2.1656313786443 1.7962254931381
2 1.7594016791564 1.6657221227457
3 1.6648982085279 1.6060286260841
4 1.612470734908 1.5691186522942
5 1.5761548687875 1.5457182776772
6 1.5484969669173 1.5293012883647
7 1.526318373342 1.5162449916826
8 1.5080131248469 1.5053478646233
9 1.4922209140166 1.4975459850188
10 1.4786708377361 1.4901007436541
11 1.4665174105387 1.4859340165762
12 1.4557169915579 1.481708314389
13 1.4459656365788 1.4777184880422
14 1.437356562098 1.4744478509751
15 1.4289923579306 1.4721988081549
16 1.4217096532405 1.4696674658353
17 1.4149992674208 1.4695089970209
18 1.4089010660848 1.4667401828418
19 1.4029639990583 1.4654897399038
20 1.3976130453529 1.4670152367048
