1 2.3316326498359 1.8896732118032
2 1.8396370098849 1.7197496038984
3 1.7233765136212 1.6448829857582
4 1.6608549432645 1.6022134317416
5 1.6187827572154 1.5724914779176
6 1.5871972712966 1.5502402605599
7 1.5619483930466 1.5345351391699
8 1.5408283668241 1.5221914711724
9 1.5226699075899 1.5113281762921
10 1.506812477776 1.5029195262371
11 1.4928257849586 1.4967236677269
12 1.4804029330477 1.4934993093504
13 1.4691279429518 1.491156587928
14 1.4588648468334 1.4869782579226
15 1.4494860417762 1.4820099365349
16 1.4406432089224 1.4778196060036
17 1.4324965089448 1.4765750794678
18 1.424830622624 1.4759831997362
19 1.4179844479734 1.4755318314204
20 1.4116003449341 1.4733257351869
