1 2.331094268533 1.8863226141891
2 1.8380882349829 1.7168799246392
3 1.7219618012729 1.6435630190023
4 1.6592010537804 1.5998894647505
5 1.6173919801661 1.5703831843091
6 1.5860468344608 1.5500108246209
7 1.561101904539 1.5332069164345
8 1.5404660276348 1.5208435083614
9 1.5228859347937 1.5119135532774
10 1.5075539418483 1.5047797578014
11 1.4941016020228 1.499458582602
12 1.4817165607223 1.4932224228652
13 1.4705436498693 1.4888987671413
14 1.4603333615348 1.4851227085557
15 1.450849603928 1.4832510153775
16 1.442077230866 1.4820326517782
17 1.4340531915869 1.4811901623062
18 1.4266224446234 1.4777089290275
19 1.4200230861005 1.4742792403274
20 1.4134927421472 1.4760362535892
