1 2.3339961299141 1.8892479169907
2 1.8394754204444 1.717733123356
3 1.7230182260271 1.6451084067655
4 1.660392708178 1.6035530281515
5 1.6183393124966 1.5740559419119
6 1.5868624642021 1.5529478463082
7 1.561668342193 1.5356045614018
8 1.5408433422494 1.5226668533712
9 1.522887508281 1.5119605918954
10 1.5072368260756 1.5041068767882
11 1.4933300711166 1.4987450818942
12 1.4809043808639 1.4957619341556
13 1.4698256965895 1.490649549818
14 1.4598276026103 1.4825510078596
15 1.4503064587779 1.4789374005657
16 1.441585491545 1.4796013601716
17 1.4334373369574 1.4778529103985
18 1.4258984801578 1.4756910938189
19 1.4192259154775 1.4727169853918
20 1.4127839710742 1.4741480126773
