1 2.3242538184236 1.8884532759985
2 1.8387017218001 1.7195209667315
3 1.7228954148617 1.6454055578858
4 1.6599235183604 1.6015995327994
5 1.6174387162525 1.5714271988509
6 1.585655253765 1.5492664070853
7 1.5603214433225 1.5317135994064
8 1.5392942856979 1.5178000467464
9 1.5214402890249 1.5079714342013
10 1.5056316837876 1.4993247535285
11 1.4915454411155 1.4934321630047
12 1.4788564479944 1.4891410604493
13 1.4675534692133 1.4863726081519
14 1.4573549548532 1.4818897517212
15 1.4482493149258 1.4804478910776
16 1.4396995869713 1.4791929145857
17 1.4315301758146 1.4784700030525
18 1.4239057827036 1.4751208875084
19 1.4166970379678 1.472285769011
20 1.4099742989265 1.4736576663221
