1 2.3143346597239 1.8501346262759
2 1.8061064411853 1.6819655978043
3 1.6873896481395 1.609431993233
4 1.6249750409674 1.5668603666145
5 1.5933026544639 1.5430149629694
6 1.5623320109848 1.5181496869516
7 1.5402023919442 1.5016082375267
8 1.5274694942289 1.4888323906841
9 1.5035634983061 1.4754926400175
10 1.497989307401 1.4720671508928
11 1.4839146816277 1.4653648838514
12 1.4722398863514 1.4730533538896
13 1.4628967641073 1.4501493801538
14 1.4601343912823 1.4551940403286
15 1.4483407555121 1.437176566367
16 1.441814846797 1.439631530521
17 1.4300705591583 1.4305071752864
18 1.4236341180702 1.4303016546919
19 1.4189306117128 1.4258985539026
20 1.4107704286499 1.4261402974619
