1 2.1819963485725 1.7908154271945
2 1.7650321567895 1.6594642443781
3 1.6679560440485 1.5981722911873
4 1.613640042237 1.562113837866
5 1.5869192643523 1.540609531106
6 1.5586609510629 1.5199082657199
7 1.5359106308161 1.4992058980299
8 1.5147499038338 1.4886959745355
9 1.5006721415645 1.4761392095712
10 1.4952459891047 1.471912626601
11 1.4821513819642 1.4671354977158
12 1.4718899419767 1.4773831234631
13 1.4625602253911 1.4505950256343
14 1.4619767048966 1.4571331101154
15 1.4498734492436 1.4388769685912
16 1.4438053423792 1.4426540705618
17 1.4312498300167 1.433993809676
18 1.4262198590835 1.4327036126603
19 1.4219600084398 1.428846552797
20 1.4150682572925 1.4300020025656
